population_size: 40 | mutation_probability: 0.01 | Class: AlgoGen
x_min: 13.0 | x_max: 18.0 | bit_length: 12 | Class: MaxFunctionProblem
value: 16.52258852258852, fitness: 136.26483277119604