Iterations: 50 | Mutation probability: 0.01 | Population size: 40
x_min: 13.0 | x_max: 18.0 | bit_length: 12 | Problem: MaxFunctionProblem
value: 16.526251526251528, fitness: 136.26315469105566