population_size: 40 | mutation_probability: 0.01 | crossover_iterations: 1 | export: True | Class: AlgoGen
x_min: 13.0 | x_max: 18.0 | bit_length: 12 | Class: MaxFunctionProblem
iterations: 50 | time: 0.35092902183532715 | time per iteration: 0.007018580436706543
value: 16.523809523809526, fitness: 136.26509059865774